45953249
45954377
45954672
45955036
45955392
45955750
45956064
45957491
45957538
45957544
45958655
45958666
45959014
45959331
45959361
45959368
45959683
46286818
46287090
46287544
46288870
46288874
46288875
46288876
46288883
46288924
46288925
46288989
46289011
46289016
46289040
46289042
46289065
46289079
46289081
46289082
46289105
46289213
46289250
46289251
46289318
46290133
46298701
46298779
46299962
46299985
46300148
46302545
46302628
46302693
46302760
46302792
46302806
46302852
46302860
46302879
46303027
46303620
46303646
46303651
46303714
46303748
46303756
46303832
46303844
46303971
46303975
46303981
46303989
46303992
46304003
46304018
46304019
46304038
46304043
46304044
46304048
46304111
46305528
46305529
46305539
46305557
46305573
46305588
46305594
46305616
46305649
46305656
46305684
46305695
46305724
46305728
46305744
46305748
46305793
46305799
46305828
46305843
46305880
46305892
46305908
46305922
46305947
46305958
46305965
46305981
46306004
46306048
46306057
46306070
46306074
46306081
46306094
46306107
46306109
46306132
46306146
46306161
46306183
46306194
46306208
46306245
46306285
46306300
46306317
46306360
46306375
46306380
46306389
46306404
46306445
46306499
46306662
46306958
46307009
46307046
46307474
46307778
46307932
46309117
46309141
46309144
46309153
46309185
46309231
46309282
46309285
46309393
46309416
46309482
46309499
46314348
46314570
46317763
46317782
46317800
46317838
46317841
46317902
46317903
46318087
46318152
46318154
46318185
46320358